0 12
1 12
2 7
3 5
4 7
5 2
6 2
7 3
8 2
9 20
10 20
11 2
12 0
13 0
14 12
15 14
16 5
17 15
18 6
19 15
20 20
21 0
22 8
23 1
24 3
25 9
26 9
27 5
28 5
29 0
30 0
31 12
32 9
33 4
34 13
35 15
36 34
37 6
38 15
39 6
40 0
41 5
42 2
43 5
44 7
45 18
46 0
47 17
48 1
49 2
50 6
51 3
52 0
53 0
54 2
55 1
56 0
57 0
58 1
59 3
60 3
61 0
62 0
63 1
64 0
65 0
66 0
67 0
68 5
69 9
70 0
71 2
72 4
73 0
74 4
75 14
76 0
77 0
78 0
79 7
80 1
81 0
82 0
83 0
84 0
85 0
86 1
87 0
88 3
89 0
90 3
91 8
92 1
93 0
94 3
95 8
96 0
97 0
98 0
99 26
100 5
101 0
102 0
103 2
104 4
105 4
106 10
107 6
108 7
109 5
110 3
111 0
112 20
113 20
114 0
115 0
116 0
117 11
118 0
119 0
120 0
121 1
122 0
123 0
124 0
125 0
126 11
127 1
128 10
129 0
130 5
131 0
132 0
133 0
134 0
135 3
136 1
137 0
138 2
139 0
140 0
141 0
142 1
143 3
144 1
145 1
146 0
147 0
148 3
149 0
150 0
151 0
152 0
153 2
154 0
155 0
156 1
157 1
158 0
159 9
160 3
161 5
162 11
163 9
164 0
165 2
166 0
167 0
168 0
169 0
170 0
171 2
172 0
173 2
174 1
175 1
176 0
177 0
178 0
179 0
180 1
181 16
182 1
183 4
184 0
185 0
186 2
187 3
188 1
189 1
190 0
191 0
192 1
193 1
194 1
195 2
196 0
197 0
198 0
199 3
200 3
201 0
202 2
203 1
204 0
205 0
206 0
207 0
208 0
209 0
210 0
211 0
212 0
213 0
214 0
215 0
216 0
217 0
218 0
219 0
220 0
221 5
222 0
223 0
