0 25
1 15
2 7
3 8
4 7
5 9
6 13
7 13
8 14
9 18
10 17
11 13
12 26
13 6
14 10
15 3
16 13
17 9
18 6
19 15
20 25
21 5
22 8
23 4
24 5
25 12
26 12
27 17
28 7
29 13
30 4
31 11
32 4
33 5
34 7
35 10
36 57
37 8
38 11
39 4
40 6
41 12
42 3
43 4
44 8
45 10
46 1
47 9
48 3
49 6
50 4
51 8
52 0
53 0
54 6
55 0
56 0
57 0
58 8
59 0
60 5
61 0
62 0
63 2
64 0
65 5
66 3
67 3
68 0
69 10
70 0
71 6
72 0
73 0
74 1
75 10
76 0
77 1
78 0
79 1
80 1
81 0
82 5
83 0
84 0
85 3
86 1
87 0
88 0
89 6
90 0
91 7
92 10
93 0
94 3
95 3
96 3
97 6
98 2
99 27
100 2
101 0
102 0
103 2
104 12
105 12
106 12
107 8
108 4
109 1
110 0
111 0
112 4
113 4
114 0
115 0
116 0
117 9
118 0
119 0
120 0
121 8
122 0
123 5
124 0
125 0
126 10
127 2
128 5
129 0
130 8
131 3
132 0
133 1
134 1
135 6
136 0
137 0
138 3
139 0
140 0
141 3
142 0
143 12
144 0
145 1
146 0
147 0
148 0
149 0
150 1
151 1
152 0
153 3
154 0
155 0
156 0
157 0
158 4
159 2
160 6
161 4
162 8
163 3
164 3
165 5
166 1
167 0
168 0
169 0
170 0
171 2
172 2
173 1
174 0
175 0
176 0
177 0
178 0
179 0
180 0
181 0
182 0
183 0
184 1
185 1
186 2
187 3
188 5
189 0
190 1
191 1
192 0
193 3
194 6
195 0
196 0
197 1
198 1
199 2
200 0
201 0
202 3
203 1
204 8
205 1
206 0
207 1
208 6
209 0
210 1
211 0
212 1
213 1
214 1
215 0
216 0
217 0
218 0
219 0
220 0
221 0
222 1
223 6
