0 5
1 37
2 4
3 8
4 2
5 2
6 5
7 10
8 2
9 12
10 12
11 4
12 5
13 2
14 23
15 22
16 24
17 22
18 3
19 22
20 27
21 2
22 10
23 1
24 4
25 20
26 15
27 9
28 14
29 9
30 5
31 5
32 3
33 9
34 11
35 14
36 31
37 8
38 11
39 3
40 0
41 0
42 2
43 8
44 7
45 17
46 0
47 18
48 0
49 5
50 7
51 4
52 0
53 0
54 6
55 18
56 2
57 0
58 7
59 1
60 3
61 0
62 0
63 9
64 1
65 0
66 0
67 0
68 0
69 10
70 0
71 6
72 0
73 11
74 0
75 5
76 1
77 0
78 1
79 7
80 0
81 0
82 1
83 1
84 0
85 0
86 3
87 0
88 0
89 1
90 4
91 9
92 3
93 0
94 6
95 8
96 0
97 0
98 9
99 28
100 1
101 9
102 0
103 3
104 12
105 12
106 27
107 2
108 1
109 0
110 3
111 0
112 10
113 10
114 0
115 0
116 0
117 4
118 0
119 1
120 1
121 5
122 0
123 3
124 0
125 0
126 19
127 0
128 19
129 2
130 4
131 0
132 0
133 0
134 0
135 0
136 0
137 0
138 0
139 0
140 0
141 0
142 0
143 10
144 7
145 0
146 0
147 0
148 0
149 1
150 0
151 1
152 1
153 8
154 0
155 0
156 1
157 1
158 1
159 8
160 6
161 2
162 2
163 4
164 0
165 2
166 1
167 0
168 0
169 0
170 0
171 2
172 1
173 5
174 0
175 0
176 0
177 0
178 0
179 0
180 0
181 11
182 1
183 3
184 1
185 0
186 3
187 2
188 2
189 2
190 1
191 1
192 7
193 11
194 0
195 0
196 0
197 0
198 0
199 0
200 0
201 0
202 0
203 0
204 1
205 0
206 1
207 1
208 0
209 0
210 10
211 3
212 4
213 4
214 10
215 0
216 0
217 0
218 0
219 0
220 0
221 9
222 0
223 0
