0 4
1 27
2 2
3 22
4 2
5 2
6 7
7 4
8 9
9 12
10 15
11 1
12 12
13 8
14 38
15 6
16 47
17 3
18 23
19 20
20 8
21 2
22 10
23 6
24 8
25 12
26 2
27 4
28 12
29 10
30 3
31 11
32 8
33 1
34 10
35 19
36 38
37 4
38 12
39 24
40 13
41 1
42 13
43 8
44 2
45 9
46 3
47 6
48 0
49 2
50 0
51 4
52 0
53 0
54 5
55 0
56 0
57 0
58 6
59 1
60 2
61 0
62 0
63 4
64 0
65 1
66 1
67 0
68 0
69 9
70 0
71 5
72 1
73 0
74 10
75 17
76 0
77 0
78 0
79 0
80 0
81 1
82 4
83 1
84 0
85 0
86 6
87 0
88 1
89 0
90 3
91 5
92 0
93 0
94 1
95 3
96 0
97 0
98 77
99 36
100 0
101 77
102 0
103 1
104 6
105 6
106 22
107 7
108 4
109 5
110 0
111 0
112 3
113 3
114 2
115 2
116 0
117 3
118 4
119 2
120 2
121 1
122 0
123 3
124 0
125 0
126 8
127 0
128 8
129 0
130 22
131 2
132 1
133 0
134 0
135 7
136 0
137 0
138 6
139 0
140 0
141 0
142 0
143 0
144 0
145 0
146 0
147 1
148 0
149 0
150 6
151 1
152 1
153 5
154 1
155 0
156 4
157 2
158 2
159 1
160 2
161 5
162 8
163 2
164 0
165 0
166 0
167 0
168 0
169 0
170 0
171 0
172 0
173 0
174 0
175 0
176 5
177 3
178 0
179 0
180 0
181 2
182 2
183 11
184 0
185 0
186 8
187 13
188 5
189 0
190 0
191 0
192 6
193 4
194 0
195 0
196 0
197 2
198 1
199 0
200 1
201 2
202 3
203 1
204 6
205 1
206 0
207 1
208 0
209 0
210 1
211 1
212 2
213 1
214 1
215 1
216 1
217 2
218 0
219 0
220 0
221 6
222 0
223 0
