0 3
1 16
2 8
3 19
4 8
5 11
6 15
7 15
8 8
9 31
10 38
11 15
12 15
13 5
14 23
15 22
16 25
17 7
18 2
19 18
20 41
21 2
22 2
23 5
24 2
25 3
26 8
27 3
28 5
29 2
30 2
31 18
32 1
33 17
34 2
35 7
36 27
37 3
38 5
39 2
40 4
41 8
42 0
43 2
44 1
45 8
46 1
47 7
48 1
49 5
50 18
51 3
52 0
53 1
54 3
55 0
56 1
57 0
58 7
59 0
60 5
61 0
62 0
63 2
64 0
65 0
66 0
67 0
68 0
69 5
70 3
71 2
72 1
73 0
74 1
75 17
76 0
77 0
78 0
79 1
80 0
81 0
82 1
83 2
84 0
85 2
86 1
87 1
88 1
89 2
90 10
91 13
92 0
93 0
94 0
95 0
96 0
97 1
98 5
99 16
100 4
101 5
102 0
103 0
104 4
105 4
106 16
107 5
108 0
109 1
110 15
111 0
112 8
113 8
114 1
115 0
116 0
117 0
118 0
119 0
120 0
121 16
122 0
123 2
124 0
125 0
126 16
127 0
128 15
129 0
130 19
131 0
132 1
133 0
134 2
135 1
136 0
137 0
138 0
139 1
140 0
141 0
142 0
143 1
144 0
145 3
146 1
147 0
148 0
149 0
150 3
151 0
152 0
153 1
154 0
155 0
156 1
157 1
158 2
159 27
160 9
161 1
162 5
163 2
164 0
165 3
166 1
167 1
168 0
169 0
170 0
171 4
172 1
173 11
174 0
175 0
176 0
177 0
178 0
179 0
180 0
181 1
182 2
183 3
184 0
185 0
186 0
187 0
188 0
189 0
190 0
191 0
192 0
193 0
194 0
195 0
196 1
197 3
198 1
199 1
200 0
201 0
202 9
203 7
204 3
205 0
206 0
207 0
208 10
209 1
210 8
211 1
212 1
213 4
214 8
215 0
216 0
217 0
218 1
219 0
220 0
221 1
222 4
223 1
