0 1
1 12
2 4
3 6
4 4
5 13
6 14
7 15
8 12
9 16
10 16
11 1
12 10
13 1
14 16
15 5
16 18
17 18
18 25
19 34
20 7
21 5
22 9
23 5
24 18
25 5
26 8
27 3
28 16
29 9
30 1
31 12
32 8
33 18
34 40
35 45
36 38
37 6
38 19
39 24
40 2
41 7
42 1
43 13
44 14
45 12
46 2
47 10
48 2
49 9
50 7
51 4
52 1
53 6
54 12
55 0
56 1
57 1
58 18
59 5
60 8
61 0
62 0
63 6
64 4
65 3
66 0
67 0
68 13
69 0
70 0
71 7
72 4
73 0
74 1
75 11
76 0
77 0
78 1
79 7
80 4
81 1
82 3
83 1
84 0
85 0
86 0
87 0
88 0
89 0
90 4
91 7
92 1
93 0
94 2
95 7
96 0
97 0
98 12
99 15
100 5
101 12
102 1
103 3
104 6
105 8
106 11
107 7
108 7
109 8
110 0
111 0
112 24
113 24
114 0
115 0
116 0
117 1
118 1
119 0
120 0
121 16
122 1
123 6
124 0
125 0
126 24
127 7
128 17
129 0
130 6
131 0
132 0
133 0
134 0
135 12
136 0
137 0
138 10
139 0
140 2
141 3
142 0
143 2
144 0
145 0
146 0
147 0
148 0
149 0
150 0
151 0
152 0
153 0
154 2
155 2
156 2
157 0
158 0
159 5
160 0
161 2
162 6
163 9
164 3
165 6
166 2
167 0
168 0
169 1
170 1
171 0
172 0
173 2
174 0
175 0
176 2
177 2
178 0
179 0
180 0
181 18
182 0
183 1
184 0
185 0
186 1
187 3
188 1
189 0
190 0
191 0
192 6
193 4
194 0
195 0
196 0
197 1
198 1
199 1
200 6
201 1
202 0
203 2
204 6
205 0
206 0
207 0
208 1
209 0
210 6
211 1
212 1
213 8
214 6
215 2
216 0
217 1
218 0
219 2
220 1
221 0
222 0
223 0
