0 9
1 23
2 9
3 43
4 8
5 14
6 19
7 8
8 5
9 52
10 56
11 3
12 8
13 4
14 14
15 7
16 9
17 16
18 9
19 37
20 34
21 3
22 18
23 0
24 8
25 14
26 7
27 23
28 0
29 7
30 1
31 16
32 4
33 2
34 13
35 15
36 25
37 0
38 2
39 7
40 2
41 7
42 5
43 0
44 10
45 12
46 0
47 12
48 0
49 3
50 0
51 0
52 0
53 0
54 0
55 5
56 0
57 0
58 0
59 1
60 1
61 0
62 0
63 5
64 0
65 1
66 1
67 0
68 0
69 2
70 1
71 0
72 0
73 3
74 3
75 4
76 0
77 4
78 0
79 0
80 0
81 0
82 2
83 0
84 0
85 0
86 1
87 2
88 3
89 0
90 13
91 8
92 17
93 0
94 1
95 10
96 0
97 0
98 0
99 23
100 1
101 0
102 0
103 2
104 1
105 1
106 19
107 7
108 9
109 4
110 0
111 0
112 10
113 10
114 0
115 0
116 0
117 9
118 0
119 0
120 0
121 2
122 0
123 4
124 0
125 0
126 13
127 1
128 12
129 0
130 43
131 1
132 0
133 0
134 5
135 4
136 0
137 1
138 4
139 0
140 0
141 0
142 0
143 0
144 2
145 7
146 0
147 0
148 0
149 0
150 0
151 0
152 0
153 3
154 0
155 0
156 7
157 7
158 2
159 10
160 6
161 2
162 12
163 8
164 0
165 0
166 0
167 0
168 0
169 0
170 0
171 0
172 0
173 9
174 0
175 0
176 5
177 5
178 1
179 1
180 0
181 14
182 0
183 2
184 1
185 1
186 9
187 5
188 1
189 1
190 1
191 1
192 1
193 6
194 4
195 3
196 0
197 0
198 0
199 0
200 2
201 0
202 8
203 4
204 3
205 0
206 0
207 0
208 0
209 0
210 0
211 2
212 4
213 1
214 0
215 0
216 0
217 0
218 0
219 0
220 0
221 0
222 0
223 0
