0 6
1 31
2 3
3 14
4 3
5 10
6 10
7 21
8 16
9 25
10 24
11 5
12 24
13 9
14 14
15 5
16 27
17 9
18 18
19 7
20 5
21 4
22 2
23 4
24 2
25 3
26 4
27 8
28 7
29 13
30 11
31 2
32 2
33 6
34 12
35 12
36 42
37 6
38 11
39 11
40 2
41 14
42 5
43 5
44 10
45 10
46 1
47 10
48 1
49 10
50 20
51 5
52 0
53 3
54 8
55 1
56 0
57 0
58 8
59 0
60 6
61 1
62 0
63 8
64 1
65 0
66 0
67 0
68 0
69 2
70 0
71 5
72 8
73 0
74 0
75 2
76 0
77 7
78 0
79 7
80 2
81 0
82 1
83 3
84 1
85 0
86 0
87 0
88 1
89 0
90 11
91 18
92 3
93 0
94 3
95 12
96 0
97 1
98 12
99 26
100 3
101 12
102 0
103 1
104 6
105 6
106 23
107 0
108 0
109 2
110 0
111 1
112 5
113 5
114 0
115 0
116 0
117 4
118 4
119 3
120 3
121 8
122 0
123 4
124 1
125 2
126 12
127 0
128 10
129 0
130 14
131 0
132 0
133 0
134 0
135 26
136 0
137 0
138 23
139 0
140 0
141 0
142 0
143 4
144 0
145 0
146 0
147 0
148 0
149 1
150 1
151 3
152 3
153 7
154 0
155 0
156 0
157 0
158 0
159 0
160 0
161 0
162 0
163 0
164 0
165 4
166 0
167 1
168 1
169 0
170 0
171 1
172 0
173 1
174 0
175 0
176 0
177 0
178 0
179 0
180 0
181 9
182 2
183 3
184 1
185 1
186 1
187 6
188 1
189 1
190 0
191 0
192 2
193 8
194 1
195 0
196 4
197 2
198 3
199 0
200 0
201 0
202 15
203 1
204 3
205 0
206 0
207 0
208 0
209 2
210 3
211 1
212 2
213 2
214 4
215 4
216 1
217 4
218 0
219 2
220 2
221 1
222 3
223 0
