0 0
1 1
2 1
3 1
4 1
5 1
6 1
7 1
8 1
9 1
10 1
11 0
12 1
13 0
14 1
15 1
16 1
17 1
18 1
19 1
20 1
21 1
22 1
23 1
24 1
25 1
26 1
27 0
28 1
29 1
30 0
31 1
32 1
33 1
34 1
35 1
36 1
37 1
38 1
39 1
40 0
41 1
42 0
43 1
44 1
45 1
46 0
47 1
48 0
49 1
50 1
51 1
52 0
53 1
54 1
55 0
56 0
57 0
58 1
59 1
60 1
61 0
62 0
63 1
64 1
65 0
66 0
67 0
68 1
69 0
70 0
71 1
72 1
73 0
74 0
75 1
76 0
77 0
78 0
79 1
80 1
81 0
82 0
83 0
84 0
85 0
86 0
87 0
88 0
89 0
90 1
91 1
92 0
93 0
94 0
95 1
96 0
97 0
98 1
99 1
100 1
101 1
102 0
103 0
104 1
105 1
106 1
107 1
108 1
109 1
110 0
111 0
112 1
113 1
114 0
115 0
116 0
117 0
118 0
119 0
120 0
121 1
122 0
123 1
124 0
125 0
126 1
127 1
128 1
129 0
130 1
131 0
132 0
133 0
134 0
135 1
136 0
137 0
138 1
139 0
140 0
141 0
142 0
143 0
144 0
145 0
146 0
147 0
148 0
149 0
150 0
151 0
152 0
153 0
154 0
155 0
156 0
157 0
158 0
159 1
160 0
161 0
162 1
163 1
164 0
165 1
166 0
167 0
168 0
169 0
170 0
171 0
172 0
173 0
174 0
175 0
176 0
177 0
178 0
179 0
180 0
181 1
182 0
183 0
184 0
185 0
186 0
187 0
188 0
189 0
190 0
191 0
192 1
193 1
194 0
195 0
196 0
197 0
198 0
199 0
200 1
201 0
202 0
203 0
204 1
205 0
206 0
207 0
208 0
209 0
210 1
211 0
212 0
213 1
214 1
215 0
216 0
217 0
218 0
219 0
220 0
221 0
222 0
223 0
