224
223 0
223 0
223 0
223 0
153 222
153 1
153 1
153 1
153 1
153 1
153 1
153 1
153 1
153 1
153 1
153 1
153 1
153 1
153 193
153 193
213 183
213 183
213 183
213 183
213 221
213 221
213 221
213 221
220 219
220 219
220 219
2 3
2 3
2 4
2 4
2 4
2 4
2 4
2 4
2 4
2 4
2 4
2 4
2 4
2 4
2 4
2 4
2 4
2 4
2 4
2 4
2 4
2 4
2 4
2 4
2 4
2 4
5 6
5 6
5 6
5 6
5 6
5 6
5 6
5 6
5 6
5 6
5 6
5 6
5 6
5 6
5 6
5 6
5 6
5 6
5 6
5 6
5 6
5 6
5 6
5 6
5 6
5 6
5 6
5 6
5 6
5 6
5 6
5 6
5 6
5 6
5 6
5 6
218 0
203 7
203 7
203 7
203 7
203 7
203 7
203 7
203 7
203 7
212 8
212 8
212 211
9 202
9 202
9 202
9 202
9 202
9 202
9 202
9 202
9 10
9 10
9 10
9 10
9 10
9 10
9 10
9 10
9 10
9 10
9 10
9 10
9 10
9 10
9 10
9 10
9 10
9 10
9 10
9 10
9 10
9 10
9 10
9 10
9 10
9 10
9 10
9 10
9 10
9 10
9 10
9 10
9 10
9 10
9 10
9 10
9 10
9 10
9 10
9 10
9 10
9 10
9 10
9 10
9 10
9 10
9 10
9 10
9 10
9 10
9 10
9 10
9 10
9 10
9 10
9 10
9 10
9 10
9 10
9 10
9 10
9 10
9 10
9 10
9 10
9 10
9 10
9 10
9 10
9 10
9 10
9 10
9 10
9 10
9 10
9 10
9 10
9 10
9 10
9 10
9 10
9 10
9 10
9 10
9 10
9 10
9 10
9 10
9 10
9 10
9 10
9 10
9 10
9 10
9 10
9 10
9 10
9 10
9 10
9 10
9 10
9 10
9 10
9 10
9 10
9 10
9 10
217 216
217 215
217 215
217 215
217 215
214 210
214 210
214 210
214 210
214 210
214 210
214 210
214 210
214 210
214 210
214 210
214 210
214 210
214 210
214 210
214 210
214 210
214 210
214 210
214 210
214 210
214 210
214 210
214 210
214 210
214 209
208 11
192 213
192 213
192 213
192 213
192 213
192 213
192 213
192 212
192 183
192 183
192 183
192 183
192 183
192 183
192 221
192 221
192 221
192 221
207 206
207 205
207 205
204 12
204 12
204 12
204 12
204 12
204 12
204 12
204 12
204 12
204 12
204 12
204 12
204 12
204 12
204 12
204 12
204 12
204 12
204 12
204 12
204 12
204 12
204 13
191 190
191 190
14 182
14 15
14 15
14 15
14 15
14 15
14 15
14 15
14 15
14 15
14 15
14 15
14 16
14 16
14 16
14 16
14 16
14 16
14 16
14 16
14 16
14 16
14 16
14 16
14 16
14 16
14 16
14 16
14 16
14 16
14 16
14 16
14 16
14 16
14 16
14 16
14 16
14 16
14 16
14 16
14 16
14 16
14 16
14 16
14 16
14 16
14 16
14 16
14 16
14 16
14 16
14 16
14 16
14 16
14 16
14 16
14 16
14 16
14 16
14 16
14 16
14 16
14 17
14 18
14 18
14 189
19 20
19 8
19 21
19 21
19 173
19 173
19 173
19 173
19 173
19 173
19 173
19 173
19 173
19 173
19 173
19 173
19 173
19 173
19 173
19 173
19 173
19 173
19 22
19 22
19 22
19 22
19 22
19 22
19 22
19 22
19 22
19 22
19 22
19 22
19 22
19 22
19 22
19 23
19 23
19 23
19 23
19 23
19 23
19 23
19 23
19 24
19 24
19 24
19 24
19 24
19 24
19 24
19 24
19 24
19 24
19 24
19 24
19 24
19 24
19 24
19 24
19 24
19 24
19 24
19 24
19 24
19 24
19 201
200 163
200 163
25 2
25 200
25 200
25 20
25 222
25 26
25 26
25 26
25 27
25 11
25 11
25 11
25 28
25 28
25 6
25 1
25 1
25 1
25 162
25 29
25 29
25 29
25 161
25 161
25 161
25 161
25 161
25 161
25 161
25 161
25 161
25 161
25 161
25 188
25 188
25 188
25 188
25 188
25 188
25 188
25 188
25 188
25 188
25 188
25 188
25 30
25 30
20 19
20 25
20 12
20 12
20 12
20 26
20 26
20 199
20 199
20 31
20 31
20 31
20 187
20 187
20 7
20 11
20 6
20 6
20 6
20 1
20 1
20 32
20 32
20 32
20 32
20 160
20 160
20 160
20 160
20 160
20 160
20 160
20 160
20 160
20 160
20 160
20 160
20 160
20 160
20 160
20 160
20 160
20 160
20 160
20 160
20 160
20 33
20 159
20 159
20 159
20 159
20 159
20 159
20 159
20 159
20 159
20 159
20 159
20 159
20 159
20 159
20 159
20 159
20 159
20 159
20 159
20 159
20 159
20 159
20 159
20 159
20 159
20 159
20 159
20 159
20 172
20 172
20 186
20 186
20 186
20 186
20 186
20 186
20 186
20 186
20 186
20 186
20 186
20 186
20 186
20 186
20 186
198 197
198 197
198 197
198 197
198 197
198 197
182 14
182 196
182 195
182 194
15 14
15 14
15 14
15 14
15 14
15 14
15 14
15 14
15 14
15 14
15 14
15 14
15 14
15 14
15 14
15 14
15 14
15 14
15 14
15 14
15 14
15 14
15 14
15 14
15 14
15 16
15 16
15 16
15 16
15 16
15 16
15 16
15 16
15 16
15 16
15 16
15 16
15 17
15 17
15 17
15 17
15 17
15 17
15 17
15 17
15 17
15 17
15 17
15 17
15 17
15 17
15 17
15 17
15 17
15 181
171 11
171 11
171 11
171 11
185 184
185 184
185 184
180 19
179 178
177 176
177 176
177 176
177 176
177 176
177 176
175 174
34 35
34 35
34 35
34 35
34 35
34 35
34 35
34 35
34 35
34 35
34 35
34 35
34 35
34 35
34 35
34 35
34 35
34 35
34 35
34 35
34 35
34 35
34 35
34 35
34 35
34 35
34 35
34 35
34 35
34 35
34 35
34 35
34 35
34 35
34 35
34 35
34 35
34 35
34 35
34 35
34 35
34 35
34 35
34 35
34 35
34 35
170 169
152 151
152 151
152 151
152 151
152 151
12 204
12 204
12 204
12 204
12 204
12 204
12 204
12 20
12 8
12 16
12 16
12 26
12 36
12 13
12 13
12 13
12 13
12 13
12 13
12 13
12 13
12 13
12 13
12 13
12 13
12 13
12 13
12 13
12 13
12 13
12 13
12 13
168 167
8 212
8 212
8 212
8 19
8 12
8 12
8 12
8 12
8 12
8 12
8 12
8 12
8 12
8 12
8 12
8 16
8 16
8 37
8 38
8 38
8 38
8 38
8 38
8 199
8 7
8 7
8 7
8 7
8 36
8 36
8 36
8 36
8 36
8 36
8 32
8 166
16 14
16 14
16 14
16 14
16 14
16 14
16 14
16 14
16 14
16 14
16 14
16 14
16 14
16 14
16 14
16 14
16 14
16 14
16 14
16 14
16 14
16 14
16 14
16 14
16 14
16 14
16 14
16 14
16 14
16 14
16 14
16 14
16 14
16 14
16 14
16 14
16 14
16 14
16 14
16 14
16 14
16 14
16 14
16 14
16 14
16 14
16 15
16 15
16 15
16 15
16 15
16 15
16 15
16 15
16 15
16 15
16 12
16 12
16 12
16 12
16 8
16 8
16 8
16 8
16 8
16 8
16 17
16 17
16 37
16 37
16 31
16 31
16 18
16 18
16 18
16 18
16 18
16 18
16 18
16 18
16 18
16 32
16 32
16 32
16 39
16 39
16 39
16 39
16 39
16 39
150 162
150 40
150 40
150 40
150 40
165 36
165 36
165 36
165 36
165 36
165 36
210 214
210 214
210 214
210 214
210 214
210 214
210 214
210 214
158 6
158 6
158 6
158 6
158 6
158 6
164 41
164 41
164 41
164 41
157 156
157 156
157 156
157 156
157 156
157 156
157 156
157 156
42 187
42 187
42 187
42 187
42 187
42 187
42 187
42 187
42 187
42 187
43 28
43 28
43 28
43 28
43 28
43 28
43 28
43 28
43 28
43 28
43 28
43 28
43 28
43 28
43 28
43 28
43 28
43 28
43 28
43 28
43 28
43 28
43 28
43 28
43 28
43 28
43 28
43 28
149 184
17 14
17 14
17 14
17 14
17 14
17 14
17 14
17 14
17 14
17 14
17 14
17 15
17 15
17 15
17 15
17 15
17 15
17 15
17 15
17 15
17 15
17 16
17 44
17 44
17 44
17 44
17 44
17 44
17 44
17 44
17 44
17 44
17 44
17 44
17 44
17 44
17 44
17 44
17 181
17 181
17 181
17 181
17 181
17 181
17 181
17 181
17 181
17 181
17 181
17 181
17 181
17 181
17 181
17 181
17 181
17 181
17 181
155 154
45 46
45 46
45 47
45 47
45 47
45 47
45 47
45 47
45 47
45 47
45 47
45 47
45 47
45 47
45 47
45 47
45 47
45 47
45 47
45 47
45 47
45 47
45 47
45 47
45 47
45 47
45 47
45 47
45 47
45 48
222 49
222 49
222 49
37 8
37 16
37 148
37 148
37 148
37 50
37 50
37 51
37 51
37 51
37 51
37 51
37 51
37 51
37 51
37 51
37 51
37 51
37 51
37 51
37 51
37 51
37 51
37 51
37 51
37 51
37 51
37 51
37 51
37 51
37 51
147 154
146 145
52 219
53 54
53 54
53 54
144 55
144 55
144 55
56 57
56 11
56 172
202 9
202 9
202 9
202 9
202 9
202 9
202 9
202 9
202 10
202 10
202 10
202 10
202 10
202 10
58 7
58 7
58 7
58 7
58 7
58 7
58 7
58 7
58 7
58 7
58 7
58 7
58 7
58 7
58 59
58 59
58 59
58 59
58 59
58 60
58 60
58 60
58 60
58 60
58 60
58 60
58 60
58 60
58 60
58 60
58 60
58 60
58 60
58 60
58 60
58 60
58 60
58 60
58 60
58 60
58 60
61 149
62 173
190 191
63 10
63 193
63 193
63 193
63 193
63 193
63 193
63 193
63 193
63 193
63 193
63 193
63 193
63 193
63 193
63 193
63 193
63 193
63 193
63 193
63 193
63 193
63 193
63 193
63 166
64 8
64 38
64 38
64 38
64 38
64 38
65 66
65 66
65 66
67 41
67 41
67 41
26 208
26 25
26 25
26 25
26 25
26 25
26 25
26 25
26 25
26 25
26 20
26 20
26 20
26 20
26 20
26 20
26 20
26 20
26 20
26 20
26 12
26 163
26 163
26 163
26 163
26 163
26 163
26 163
26 163
26 163
26 163
26 163
26 163
26 163
26 163
26 163
26 23
26 50
26 50
26 50
26 48
26 48
26 48
26 48
26 48
26 48
38 12
38 8
38 8
38 8
38 8
38 8
38 8
38 8
38 64
38 68
38 68
38 68
38 68
38 68
38 68
38 68
38 68
38 68
38 68
38 68
38 21
38 69
38 69
38 69
38 69
38 69
38 69
38 69
38 69
38 69
38 69
38 69
38 69
38 69
38 69
38 69
38 69
38 69
38 69
38 69
38 69
38 69
38 69
38 69
38 69
38 69
38 69
38 69
38 69
38 69
38 69
38 69
38 69
38 69
38 69
38 69
38 69
38 69
70 41
70 41
71 54
71 54
71 54
71 54
71 54
71 54
71 54
71 54
71 54
71 54
71 54
71 54
71 54
71 54
71 54
71 54
71 54
71 54
46 45
46 45
46 45
46 45
46 45
199 213
199 213
199 20
199 20
68 38
68 38
68 38
68 38
68 38
68 38
68 38
72 41
72 41
72 41
72 41
72 41
72 41
72 41
72 41
72 41
72 41
73 55
73 55
73 55
73 55
73 55
73 55
73 55
73 55
31 20
31 20
31 20
31 20
31 74
31 74
31 74
31 74
31 75
31 75
31 75
31 75
31 75
31 75
31 75
31 75
31 75
31 75
31 75
31 75
31 75
31 75
31 75
31 75
31 75
31 75
31 75
31 75
196 182
196 182
196 182
196 41
196 41
187 42
187 42
187 42
187 42
187 42
187 42
187 42
187 42
187 42
187 42
187 42
187 42
187 42
187 42
187 42
187 42
187 42
187 42
187 42
187 42
187 42
187 23
7 203
7 203
7 203
7 203
7 203
7 203
7 203
7 25
7 25
7 20
7 20
7 20
7 20
7 20
7 76
7 8
7 58
7 58
7 58
7 58
7 58
7 58
7 58
7 58
7 58
7 58
7 58
7 58
7 58
7 77
7 77
7 77
7 77
7 77
7 77
7 78
7 79
7 80
7 80
7 50
7 50
7 50
7 50
7 50
7 50
7 50
7 50
7 50
7 50
7 30
59 60
59 60
77 7
77 7
77 7
77 7
77 7
77 7
18 14
18 16
18 16
18 16
18 16
18 16
18 16
18 16
18 16
18 39
18 39
18 39
18 39
18 39
18 39
18 39
18 39
18 39
18 39
18 39
18 39
18 39
18 39
18 39
18 39
18 39
18 39
18 39
18 39
18 39
18 39
18 39
18 39
18 39
18 39
18 39
18 39
18 39
18 39
18 39
81 82
83 11
83 11
209 84
85 41
85 41
35 34
35 34
35 34
35 34
35 34
35 34
35 34
35 34
35 34
35 34
35 34
35 34
35 34
35 34
35 34
35 34
35 34
35 34
35 34
35 34
35 34
35 34
35 34
35 34
35 34
35 34
35 34
35 34
35 34
35 34
35 34
35 34
35 34
35 34
35 34
35 34
35 34
35 34
35 34
35 34
35 34
35 34
35 34
35 34
35 34
35 34
35 34
35 34
35 34
35 34
35 34
35 34
35 34
35 34
35 34
35 34
35 34
35 34
35 34
35 34
35 34
35 34
35 34
35 159
35 159
35 159
35 159
35 159
35 159
35 159
35 159
35 86
35 86
35 86
35 86
35 86
35 186
35 186
87 88
87 88
87 88
216 46
89 0
89 0
89 41
89 41
27 90
27 90
27 91
27 91
27 91
27 91
27 91
27 91
27 91
27 91
27 91
27 91
27 91
27 91
27 91
27 91
27 91
27 91
27 91
27 91
27 91
27 92
27 92
27 92
27 92
27 92
27 92
27 92
27 92
27 92
27 92
27 92
27 92
27 92
27 92
27 92
27 92
27 92
27 92
27 92
27 92
27 92
27 92
27 92
27 92
27 92
27 92
27 92
78 7
78 93
94 95
94 95
94 95
94 95
94 95
94 95
11 208
11 208
11 208
11 208
11 208
11 208
11 208
11 208
11 208
11 208
11 208
11 208
11 208
11 208
11 208
11 171
11 171
11 171
11 171
11 171
11 96
11 96
11 96
11 56
11 83
11 83
11 83
11 83
11 83
11 83
11 21
11 50
28 25
28 25
28 25
28 25
28 20
28 43
28 43
28 43
28 43
28 43
28 43
28 43
28 43
28 43
28 43
28 43
28 43
28 43
28 43
28 43
28 43
28 43
28 43
28 43
28 43
28 156
28 156
28 156
28 30
28 30
28 30
28 30
28 30
28 30
28 30
36 12
36 12
36 12
36 12
36 12
36 12
36 12
36 12
36 12
36 12
36 12
36 12
36 12
36 12
36 12
36 12
36 8
36 8
36 8
36 8
36 8
36 165
36 165
36 165
36 165
36 165
36 165
36 165
36 165
36 165
36 165
36 165
36 165
36 165
36 165
36 165
36 165
36 165
36 165
36 165
36 21
36 21
36 21
36 21
36 21
36 21
36 97
36 97
36 98
36 23
36 99
36 99
36 99
36 99
36 99
36 99
36 99
36 99
36 99
36 99
36 99
36 99
36 99
36 99
36 99
36 99
36 99
36 99
36 99
36 99
36 99
36 99
36 99
36 99
36 99
36 99
36 99
36 99
36 99
36 99
36 99
36 99
36 99
36 99
36 99
36 99
36 99
36 99
36 99
36 99
36 99
36 99
36 99
36 99
36 99
36 99
36 99
36 99
36 99
36 99
36 99
36 99
36 99
36 99
36 99
36 99
36 99
36 99
36 99
36 99
36 99
36 99
36 99
36 99
36 99
36 99
36 99
36 99
36 99
36 99
36 99
36 99
36 99
36 99
36 99
36 99
36 99
36 99
36 99
36 99
36 99
36 99
36 99
36 99
36 99
36 99
36 99
36 99
36 99
36 99
36 99
36 99
36 99
36 99
36 99
36 99
36 99
36 99
36 99
36 99
36 99
36 99
36 99
36 99
36 99
36 99
36 99
36 99
36 99
36 99
36 99
36 99
36 99
36 99
36 99
36 99
36 99
36 99
36 99
36 99
36 99
36 99
36 99
36 99
36 99
36 99
36 99
36 99
36 99
36 99
36 99
36 99
36 99
36 99
36 99
36 99
36 99
36 99
36 99
36 99
36 99
36 99
36 99
36 99
36 99
36 99
36 99
36 99
36 99
36 99
36 99
36 99
36 99
36 99
36 99
36 99
36 99
36 99
36 99
36 99
36 99
36 99
36 99
36 99
36 99
36 99
36 99
36 99
36 99
36 99
36 99
36 99
36 99
36 100
36 100
36 100
36 100
36 100
36 100
36 100
36 100
36 100
36 100
36 100
36 100
36 100
36 100
36 100
36 100
36 100
36 100
66 5
66 65
101 98
101 98
101 98
101 98
101 98
101 98
6 5
6 5
6 5
6 5
6 5
6 5
6 5
6 5
6 5
6 5
6 5
6 5
6 5
6 5
6 5
6 5
6 5
6 5
6 5
6 5
6 5
6 5
6 5
6 5
6 5
6 5
6 5
6 5
6 5
6 5
6 5
6 5
6 25
6 8
6 8
6 8
6 8
6 8
6 8
6 158
6 158
6 158
6 158
6 158
6 23
21 19
21 19
21 19
21 19
21 38
21 11
21 36
21 36
21 36
21 36
21 36
21 36
21 36
21 36
21 36
102 203
103 49
103 49
104 105
104 105
104 105
104 105
104 105
104 105
104 105
104 105
104 105
104 105
104 105
104 105
104 105
104 105
1 153
1 153
1 153
1 153
1 153
1 153
1 153
1 153
1 153
1 153
1 153
1 20
1 20
1 20
1 20
1 106
1 106
1 106
1 106
1 106
1 106
1 106
1 106
1 106
1 106
1 106
1 106
1 106
1 106
1 106
1 106
1 106
1 106
1 106
1 106
1 106
1 106
1 106
1 106
1 106
1 106
1 106
1 106
1 106
1 106
1 106
1 106
1 106
1 106
1 106
1 106
1 106
1 106
1 106
1 106
1 106
1 106
1 106
1 106
1 106
1 106
1 106
1 106
1 106
1 106
1 106
1 106
1 106
1 106
1 106
1 106
1 106
1 106
1 106
1 106
1 106
1 106
1 106
1 106
1 106
1 106
1 106
1 106
1 106
1 106
1 106
1 106
1 106
1 106
1 106
1 106
1 106
1 106
1 106
1 106
1 106
1 106
1 106
1 106
1 106
1 106
1 106
183 213
183 213
183 213
183 192
183 192
183 192
183 221
183 221
183 221
54 53
54 53
54 53
54 53
54 53
54 53
54 71
54 71
54 71
54 71
54 71
54 71
54 71
54 71
54 71
54 71
54 71
54 71
54 71
54 71
54 71
54 71
54 71
107 162
107 162
107 162
107 162
107 162
107 162
107 162
107 162
107 162
107 162
107 162
107 162
107 162
107 162
107 108
107 108
107 108
107 108
97 36
97 36
97 36
97 36
97 36
97 36
47 45
47 45
47 45
47 45
47 45
47 45
47 45
47 45
47 45
47 45
47 45
47 45
47 45
47 45
47 45
47 45
47 45
47 45
47 45
47 45
47 45
47 45
47 45
47 45
47 45
47 45
47 45
47 45
47 45
47 45
47 45
47 45
47 45
47 45
47 45
47 45
47 45
47 45
47 45
47 45
47 45
47 45
47 45
47 45
47 45
47 45
47 45
47 45
47 45
47 45
47 45
47 45
47 45
47 45
47 45
47 45
47 45
47 45
47 45
47 45
47 45
47 45
32 20
32 20
32 20
32 20
32 20
32 16
32 109
32 109
32 109
32 109
32 109
32 109
32 109
32 109
32 109
32 109
32 109
32 109
32 109
32 109
32 109
32 109
32 109
32 109
32 109
98 36
98 101
98 101
98 101
98 101
98 101
98 101
98 101
98 101
98 101
98 101
98 101
98 101
98 101
98 101
98 101
98 101
98 101
98 101
98 101
98 101
98 101
98 101
98 101
98 101
98 101
98 101
98 101
98 101
98 101
98 101
98 101
98 101
98 101
98 101
98 101
98 101
98 101
98 101
98 101
98 101
98 101
98 101
98 101
98 101
98 101
98 101
98 101
98 101
98 101
98 101
98 101
98 101
98 101
98 101
98 101
98 101
98 101
98 101
98 101
98 101
98 101
98 101
98 101
98 101
98 101
98 101
98 101
98 101
98 101
98 101
98 101
98 101
98 101
98 101
98 101
98 101
98 101
98 101
98 101
98 101
98 101
98 101
98 101
98 101
98 101
98 101
98 101
98 101
98 101
98 101
98 101
98 101
98 101
98 101
98 101
98 101
98 101
98 101
98 101
98 101
98 101
98 101
98 101
98 101
98 101
98 101
98 101
98 101
98 101
79 110
79 110
79 50
79 50
79 50
79 50
79 50
79 50
79 50
79 50
79 50
79 50
79 50
79 50
79 50
79 50
79 50
79 50
55 144
55 144
55 144
55 144
55 144
55 144
55 144
55 73
55 73
55 73
55 73
55 73
55 73
55 111
112 113
112 113
112 113
112 113
112 113
112 113
112 113
112 113
112 113
112 113
112 113
112 113
112 113
112 113
112 113
112 113
112 113
112 113
112 113
112 113
112 113
112 113
112 113
112 113
112 113
112 113
112 113
112 113
112 113
112 113
112 113
112 113
112 113
112 113
112 113
112 113
112 113
112 113
112 113
112 113
112 113
112 113
112 113
112 113
112 113
112 113
112 113
112 113
112 113
110 79
110 79
110 79
110 79
110 50
110 50
110 50
110 50
110 50
110 50
110 50
110 50
110 50
114 115
114 115
114 209
176 177
176 177
176 177
176 177
176 8
176 8
176 16
156 157
156 157
156 157
156 157
156 28
156 28
162 107
162 107
162 107
162 107
162 107
162 107
162 107
162 107
162 107
162 107
162 107
162 107
162 107
162 107
162 107
162 107
162 108
162 108
162 108
162 108
162 108
162 108
162 108
162 108
162 108
162 108
160 116
160 20
160 20
160 20
160 20
160 20
160 20
160 20
160 20
160 20
160 20
160 20
0 223
0 223
0 223
0 182
0 89
0 89
0 89
0 88
0 88
0 117
0 117
0 117
0 117
0 117
0 117
0 117
0 117
0 117
0 117
0 117
0 117
0 117
0 117
0 117
0 117
0 117
118 29
118 29
118 29
119 120
119 120
119 120
119 120
119 120
10 9
10 9
10 9
10 9
10 9
10 9
10 9
10 9
10 9
10 9
10 9
10 9
10 9
10 9
10 9
10 9
10 9
10 9
10 9
10 9
10 9
10 9
10 9
10 9
10 9
10 9
10 9
10 9
10 9
10 9
10 9
10 9
10 9
10 9
10 9
10 9
10 9
10 9
10 9
10 9
10 9
10 9
10 9
10 9
10 9
10 9
10 9
10 9
10 9
10 9
10 9
10 9
10 9
10 9
10 9
10 9
10 9
10 9
10 9
10 9
10 9
10 9
10 9
10 9
10 9
10 9
10 9
10 171
10 171
10 202
10 202
10 202
10 202
10 202
10 202
10 202
10 202
10 202
10 202
10 202
10 202
10 202
10 202
10 202
10 202
10 202
10 202
10 202
10 63
33 121
33 121
33 121
33 121
33 121
33 121
33 121
33 121
33 121
33 121
33 121
33 121
33 121
33 121
33 121
33 121
33 121
33 121
33 121
33 121
33 121
33 121
33 121
33 121
33 121
33 121
33 121
33 121
33 121
33 121
33 121
33 121
33 121
33 121
122 30
159 20
159 20
159 20
159 20
159 20
159 20
159 20
159 20
159 20
159 20
159 20
159 20
159 20
159 20
159 20
159 20
159 20
159 20
159 20
159 20
159 20
159 35
159 35
159 35
159 35
159 35
159 35
159 35
159 35
193 153
193 153
193 63
193 63
193 63
193 63
193 63
193 63
193 63
193 63
193 63
193 63
193 63
193 63
221 213
221 192
221 192
221 183
221 183
221 183
221 183
221 183
221 183
221 183
221 183
123 29
123 29
123 29
123 29
123 29
123 29
123 29
123 29
123 29
123 29
123 29
123 29
123 29
124 8
125 41
126 23
126 23
126 23
126 23
126 127
126 127
126 127
126 127
126 127
126 127
126 127
126 127
126 128
126 128
126 128
126 128
126 128
126 128
126 128
126 128
126 128
126 128
126 128
126 128
126 128
126 128
126 128
126 128
126 128
126 128
126 128
126 128
126 128
126 128
126 128
126 128
126 128
126 128
126 128
126 128
126 128
126 128
126 128
126 128
126 128
126 128
126 128
126 128
126 128
126 128
126 128
126 128
126 128
126 128
126 128
126 128
126 128
126 128
126 128
126 128
126 128
126 128
126 128
126 128
126 128
126 100
95 94
95 94
95 94
95 94
95 94
95 94
95 94
95 94
95 94
95 94
95 94
95 94
95 94
95 94
95 90
95 90
95 91
95 91
95 49
90 27
90 27
90 27
90 27
90 95
90 95
90 95
90 95
90 95
90 95
90 95
90 95
90 95
90 95
90 95
90 91
90 91
90 91
90 91
90 91
90 91
90 91
90 91
90 91
90 91
90 91
90 91
90 91
90 91
90 91
90 91
90 91
163 200
163 200
163 200
163 200
163 200
163 200
163 200
163 200
163 26
163 26
163 26
163 26
163 26
163 26
163 26
163 26
163 26
163 26
163 26
163 26
3 129
3 129
3 130
3 130
3 130
3 130
3 130
3 130
3 130
3 130
3 130
3 130
3 130
3 130
3 130
3 130
3 130
3 130
3 130
3 130
3 130
3 130
3 130
3 130
3 130
3 130
3 130
3 130
3 130
3 130
3 130
3 130
3 130
3 130
173 151
173 19
173 19
173 19
173 19
173 19
173 19
173 19
173 19
173 19
173 19
173 19
22 19
22 19
22 19
22 19
22 19
22 19
22 19
22 19
22 19
22 19
22 19
22 19
22 19
22 19
22 19
22 19
22 19
22 19
22 19
22 19
22 19
22 19
22 19
22 19
22 19
22 19
22 19
22 19
22 19
22 19
22 19
22 19
22 19
22 19
22 19
22 19
22 19
22 19
22 19
22 19
22 19
22 19
22 19
22 19
22 19
22 19
22 19
22 19
22 19
22 173
22 24
195 14
195 41
195 41
41 198
41 164
41 164
41 70
41 72
41 72
41 72
41 72
41 72
41 72
41 72
41 72
41 85
41 85
41 85
41 89
41 89
41 125
41 195
41 195
41 194
41 194
80 7
80 7
80 7
80 7
80 7
80 7
40 150
40 150
40 150
40 150
40 150
40 150
40 23
40 23
40 23
40 23
40 82
40 82
40 82
40 82
40 82
40 82
130 3
130 3
130 3
130 3
130 3
130 3
130 3
130 3
130 3
130 3
130 3
130 3
130 3
130 3
130 3
130 3
130 3
130 3
130 3
130 3
130 3
130 3
130 3
130 3
130 3
130 3
130 3
130 3
130 3
130 3
130 3
130 3
130 3
130 3
130 3
130 3
130 3
130 3
130 3
130 3
130 3
130 3
130 3
130 3
130 3
130 3
130 3
130 3
130 3
130 3
130 3
130 3
130 3
130 3
130 3
130 3
130 3
130 3
130 3
130 3
130 3
130 3
130 3
130 3
130 3
130 3
130 3
130 3
130 3
130 3
130 3
130 3
130 3
130 3
130 3
130 3
130 3
130 3
130 3
130 3
130 3
130 3
130 3
130 3
130 3
130 3
130 3
130 3
130 3
130 3
130 3
130 3
130 3
74 31
74 31
74 31
74 31
74 31
74 75
74 75
74 75
74 75
29 25
29 12
29 118
29 118
29 118
29 118
29 118
29 118
29 123
29 123
29 123
29 123
29 123
29 123
29 123
29 123
29 123
29 123
29 123
29 123
29 123
29 123
29 49
29 49
29 49
29 30
29 30
29 30
29 131
29 131
29 131
132 197
132 197
166 63
166 47
69 38
69 38
69 38
69 38
69 38
69 38
69 38
69 38
69 38
69 38
69 38
69 38
161 25
161 25
161 25
161 25
161 25
161 25
161 25
161 25
161 25
161 25
23 19
23 19
23 19
23 19
23 19
23 126
23 40
167 22
86 35
86 35
86 35
86 35
86 35
86 35
86 35
86 35
82 81
82 40
82 40
82 40
82 40
82 40
82 40
82 40
82 40
82 40
82 40
82 29
113 112
113 112
113 112
113 112
113 112
113 112
113 112
113 112
113 112
113 112
113 112
113 112
113 112
113 112
113 112
113 112
113 112
113 112
113 112
113 112
113 112
113 112
113 112
113 112
113 112
113 112
113 112
113 112
113 112
113 112
113 112
113 112
113 112
113 112
113 112
113 112
133 41
188 25
188 25
188 25
188 25
188 25
134 145
134 145
134 145
50 187
50 7
50 7
50 79
50 79
50 79
50 79
50 79
50 79
50 79
50 79
50 79
50 79
50 110
50 110
50 110
50 110
50 110
50 110
50 49
50 135
50 30
44 14
44 17
44 17
44 17
44 17
44 17
44 17
44 17
44 17
44 17
44 181
44 181
44 181
44 181
44 181
44 181
44 181
44 181
44 181
44 181
44 181
44 181
44 181
44 181
44 181
44 181
44 181
44 181
44 181
44 181
44 181
48 26
154 155
127 126
127 126
127 126
91 27
91 27
91 27
91 27
91 27
91 27
91 27
91 27
91 27
91 27
91 27
91 95
91 95
91 95
91 95
91 95
91 95
91 95
91 95
91 95
91 95
91 95
91 95
91 95
91 95
91 95
91 95
91 95
91 90
91 90
91 90
91 90
91 90
91 90
91 90
91 90
91 90
91 90
105 104
105 104
105 104
105 104
105 104
105 104
105 104
105 104
105 104
105 104
105 104
105 104
105 104
105 104
105 104
105 104
105 104
105 104
105 104
105 104
105 104
105 104
105 104
105 104
105 104
105 104
105 104
105 104
105 104
105 104
105 104
105 104
105 104
105 104
105 104
105 104
105 104
105 90
105 90
13 204
13 204
13 12
13 12
13 12
13 12
13 12
13 12
13 12
13 12
13 12
13 12
13 12
13 12
13 12
13 12
13 12
24 19
24 19
24 19
24 19
24 19
24 19
24 19
24 19
24 19
24 19
24 19
24 19
24 19
24 19
24 19
24 19
24 19
24 19
24 19
24 19
24 19
24 19
24 19
24 19
24 19
24 19
24 19
24 19
24 19
215 217
215 217
215 53
181 17
181 17
181 17
181 17
181 17
181 17
181 17
181 17
181 17
181 17
181 17
181 17
181 17
181 17
181 17
181 17
181 17
181 17
181 44
181 44
181 44
181 44
181 44
181 44
181 44
181 44
181 44
181 44
181 44
181 44
181 44
181 44
181 44
60 58
60 58
60 58
60 58
60 58
60 58
60 58
60 58
60 59
60 59
60 59
60 59
99 36
99 36
99 36
99 36
99 36
99 36
99 36
99 36
99 36
99 36
99 36
99 36
99 36
99 36
99 36
99 36
99 36
99 36
99 36
99 36
99 36
99 36
99 36
99 36
99 36
99 36
99 36
99 36
145 136
145 70
145 137
145 134
145 134
145 134
145 134
145 134
138 135
138 135
138 135
138 135
138 135
138 135
138 135
138 135
138 135
138 135
138 135
138 135
138 135
138 135
138 135
138 135
109 32
109 32
109 32
109 32
109 32
109 32
109 32
92 27
92 27
92 27
92 27
92 27
92 27
92 27
92 27
92 27
51 37
51 37
51 37
51 37
51 37
51 37
51 37
51 37
128 126
128 126
128 126
128 126
128 126
128 126
128 126
128 126
128 126
128 126
128 126
128 126
128 126
128 126
128 126
128 126
128 126
128 126
128 126
128 126
128 126
128 126
128 126
128 126
128 126
128 126
128 126
128 126
128 126
128 126
128 126
128 126
128 126
128 126
128 126
128 126
128 126
128 126
128 126
128 126
128 126
128 126
128 126
128 126
128 126
128 126
128 126
128 126
128 126
106 1
106 1
106 1
106 1
106 1
106 1
106 1
106 1
106 1
106 1
106 1
106 1
106 1
106 1
106 1
106 1
106 1
106 1
106 1
106 1
106 1
106 1
106 1
106 1
106 1
106 1
106 1
106 1
106 1
106 1
106 1
106 1
106 1
106 1
106 1
106 1
106 1
106 1
106 1
106 1
106 1
106 1
106 1
106 1
106 1
106 1
106 1
106 1
106 1
106 1
106 1
106 1
106 1
106 1
172 20
139 197
189 182
189 0
49 222
49 222
49 222
49 222
49 222
49 103
49 103
49 103
49 103
49 103
49 103
49 103
49 103
49 103
49 103
49 103
49 103
49 103
49 29
49 29
49 29
49 29
49 29
49 29
49 166
49 135
49 135
49 135
49 135
49 135
49 135
49 140
49 30
211 212
211 212
211 212
211 212
211 212
211 212
211 212
211 212
39 16
39 16
39 16
39 16
39 18
39 18
39 18
39 18
39 18
39 18
39 18
39 18
39 18
39 18
39 18
39 18
39 18
39 18
39 18
39 18
39 18
39 18
39 18
39 18
39 18
39 18
39 18
39 18
39 18
39 18
39 18
39 18
39 18
39 18
39 18
39 18
39 18
39 18
39 18
39 18
39 18
39 18
39 18
39 18
39 18
39 18
39 18
39 18
39 18
39 18
39 18
88 0
88 0
88 189
88 189
141 65
141 65
141 65
141 65
141 65
141 65
117 142
117 0
117 0
117 0
117 0
117 0
117 0
117 0
117 0
117 0
117 0
117 0
117 0
117 0
117 0
117 0
117 0
117 0
117 0
117 0
117 0
117 0
117 0
117 0
194 0
194 0
194 0
194 0
194 0
194 0
194 41
194 41
194 41
194 41
186 20
186 20
186 20
186 20
186 20
186 20
186 20
186 20
186 35
4 2
4 2
4 2
4 2
4 2
4 2
4 2
4 2
4 2
4 2
4 2
4 2
4 2
4 2
4 2
4 2
4 2
121 33
121 33
121 33
121 33
121 33
121 33
121 33
121 33
121 33
121 33
100 36
100 36
120 119
135 50
135 138
135 138
135 138
135 138
135 138
135 138
135 138
135 138
135 138
135 138
135 138
135 138
135 138
135 138
135 138
135 138
135 138
135 138
135 138
135 138
135 138
135 138
135 138
135 138
135 138
135 138
135 138
135 138
135 138
135 138
135 138
135 138
135 138
135 138
135 138
135 49
135 30
135 30
135 30
135 30
135 30
135 30
135 30
140 49
30 38
30 28
30 28
30 28
30 28
30 1
30 29
30 29
30 29
30 29
30 50
30 135
131 29
131 29
131 29
131 29
131 29
201 19
201 19
201 19
108 107
108 107
108 107
108 107
108 107
108 107
108 107
108 107
108 162
108 162
108 162
108 162
108 162
108 162
108 162
108 162
108 162
108 162
75 31
75 31
75 31
75 31
75 31
75 31
75 31
75 31
75 31
75 31
75 31
75 31
75 31
75 31
75 31
75 31
75 31
75 31
75 31
75 31
75 31
75 31
75 31
75 31
75 31
75 31
75 31
75 31
75 31
75 31
75 31
75 31
75 31
75 31
75 31
75 31
75 31
75 31
75 31
75 31
75 31
75 31
75 31
75 31
75 31
75 31
75 31
75 31
75 31
75 31
75 31
75 31
75 74
75 74
75 74
75 74
75 74
75 74
75 74
143 33
143 33
143 33
143 33
143 33
143 33
143 33
143 33
143 33
143 33
143 33
143 33
143 33
143 33
143 33
143 33
143 33
143 33
143 121
143 121
143 121
143 121
143 121
143 121
143 121
143 121
143 121
143 121
143 121
143 121
143 121
143 121
